Mother cube :0,1,3,5,7,9,10,11,12,14,15,16,18,20,22,24,25,26,27,28,30,33,35,37,38,39,40,42,44,46,48,49,57,61,63,69,73,76,78,
subcube: 0,1,3,5,7,9,10,11,12,14,15,16,18,20,22,24,25,26,27,28,30,33,35,37,38,39,40,42,46,48,49,57,61,63,76,78,
subdim=36     superpoly: 0+x32

subcube: 0,1,3,5,7,9,10,11,12,14,16,18,20,22,24,26,27,28,33,35,37,39,40,42,44,46,48,49,57,61,63,76,78,
subdim=33     superpoly: 0+x52

subcube: 0,1,3,5,7,9,10,11,12,14,15,18,20,22,24,26,28,30,33,35,37,39,40,42,44,46,48,49,57,61,63,76,78,
subdim=33     superpoly: 1+x17

subcube: 0,1,3,5,7,9,10,11,12,14,15,18,20,22,24,25,26,27,28,30,33,35,37,38,39,40,42,46,48,57,61,63,69,76,78,
subdim=35     superpoly: 0+x59

subcube: 0,1,3,5,7,9,10,11,12,14,16,18,20,22,24,25,26,27,28,30,33,35,37,38,39,40,44,46,48,57,61,63,69,76,78,
subdim=35     superpoly: 0+x58

subcube: 0,1,3,5,7,9,10,11,12,14,15,16,18,20,22,24,25,26,27,28,30,33,35,37,38,39,40,44,46,48,57,61,63,69,76,78,
subdim=36     superpoly: 0+x58

subcube: 0,1,3,5,7,9,10,11,12,14,16,18,20,22,24,26,27,28,30,33,35,37,38,42,44,46,48,49,57,61,63,69,76,78,
subdim=34     superpoly: 0+x58

subcube: 1,3,5,7,9,10,11,12,14,16,18,20,22,24,25,27,28,30,33,35,37,38,39,42,44,46,48,49,57,61,63,69,76,78,
subdim=34     superpoly: 0+x65

subcube: 1,3,5,7,9,10,11,12,14,16,18,20,24,26,27,28,30,33,35,37,38,39,40,42,44,46,48,49,57,61,63,69,76,78,
subdim=34     superpoly: 0+x44

subcube: 0,1,3,5,7,9,10,11,14,16,18,20,22,24,26,27,28,30,33,35,37,38,40,42,44,46,48,57,61,63,73,76,78,
subdim=33     superpoly: 0+x46

subcube: 0,1,3,5,7,9,10,12,14,16,18,20,22,24,26,27,28,30,33,35,37,38,40,42,44,46,48,57,61,63,73,76,78,
subdim=33     superpoly: 0+x46

subcube: 0,1,3,5,7,9,10,11,12,14,15,18,20,22,24,26,27,28,30,33,35,37,39,40,42,46,48,49,57,61,63,73,76,78,
subdim=34     superpoly: 0+x32

subcube: 1,3,5,7,9,10,11,12,14,16,18,20,22,24,25,26,27,28,30,33,35,37,38,39,40,42,46,48,49,57,61,63,73,76,78,
subdim=35     superpoly: 0+x44

subcube: 0,1,3,5,7,9,10,11,12,14,15,18,20,22,24,26,27,28,30,33,35,37,40,42,44,46,48,49,57,61,63,73,76,78,
subdim=34     superpoly: 0+x42

subcube: 0,1,3,5,7,9,10,11,12,14,15,18,20,22,24,26,27,28,33,35,37,39,40,42,44,46,48,49,57,61,63,73,76,78,
subdim=34     superpoly: 0+x33

subcube: 0,1,3,5,7,9,10,11,12,14,15,18,20,22,24,26,28,30,33,35,37,39,40,42,44,46,48,49,57,61,63,73,76,78,
subdim=34     superpoly: 1+x15

subcube: 0,1,3,5,7,9,10,11,12,14,15,18,20,22,24,27,28,30,33,35,37,39,40,42,44,46,48,49,57,61,63,73,76,78,
subdim=34     superpoly: 0+x14+x44

subcube: 0,1,3,5,7,9,10,11,12,15,18,20,22,24,26,27,28,30,33,35,37,39,40,42,44,46,48,49,57,61,63,73,76,78,
subdim=34     superpoly: 1+x2+x32+x65

subcube: 0,1,3,5,7,9,10,11,12,14,16,18,20,22,24,25,26,27,28,30,33,35,37,38,39,40,42,46,48,49,57,61,69,73,76,78,
subdim=36     superpoly: 1+x28

subcube: 0,1,3,5,7,9,10,11,12,14,16,18,20,22,24,25,26,27,28,33,35,37,38,39,40,42,44,46,48,57,63,69,73,76,78,
subdim=35     superpoly: 0+x58

subcube: 0,1,3,5,7,9,10,11,12,14,16,18,20,22,24,25,26,28,30,33,35,37,38,40,42,46,48,61,63,69,73,76,78,
subdim=33     superpoly: 0+x44

subcube: 0,1,3,5,7,9,10,11,12,14,15,18,20,22,24,25,26,28,30,33,35,37,38,39,40,42,46,48,61,63,69,73,76,78,
subdim=34     superpoly: 1+x15

subcube: 1,3,5,7,9,10,11,14,16,18,20,22,24,25,26,27,28,30,33,35,37,38,40,42,44,46,48,61,63,69,73,76,78,
subdim=33     superpoly: 0+x46

subcube: 0,1,3,5,7,9,10,11,12,15,18,20,22,24,25,26,28,30,33,35,37,38,39,40,42,44,46,48,61,63,69,73,76,78,
subdim=34     superpoly: 1+x15

subcube: 0,1,3,5,7,9,10,11,12,14,16,18,20,22,24,25,26,28,30,33,35,37,38,39,40,42,44,48,57,61,63,69,73,76,78,
subdim=35     superpoly: 0+x58

subcube: 0,1,3,5,7,9,10,11,12,14,16,18,20,22,24,26,27,30,33,35,37,39,40,44,46,48,57,61,63,69,73,76,78,
subdim=33     superpoly: 0+x58

subcube: 1,3,5,7,9,10,11,12,14,16,18,20,22,24,25,26,27,28,33,35,37,38,39,42,44,46,48,57,61,63,69,73,76,78,
subdim=34     superpoly: 0+x63

subcube: 1,3,5,7,9,10,11,12,14,16,18,20,22,24,25,26,27,28,33,35,37,38,40,42,44,46,48,57,61,63,69,73,76,78,
subdim=34     superpoly: 0+x63

subcube: 0,1,3,5,7,9,10,11,12,14,15,18,20,22,24,25,26,28,30,33,35,38,39,40,42,44,46,48,57,61,63,69,73,76,78,
subdim=35     superpoly: 1+x33

subcube: 0,3,5,7,9,10,11,12,14,15,18,20,22,24,25,26,27,28,33,35,37,38,39,40,42,44,46,48,57,61,63,69,73,76,78,
subdim=35     superpoly: 0+x65

subcube: 0,3,5,7,9,10,11,12,14,16,18,20,22,24,25,26,27,28,30,33,35,37,38,39,40,46,48,49,57,61,63,69,73,76,78,
subdim=35     superpoly: 0+x65

subcube: 1,3,5,7,9,10,11,12,14,16,18,20,22,24,25,26,27,28,30,33,35,37,38,39,40,46,48,49,57,61,63,69,73,76,78,
subdim=35     superpoly: 0+x65

subcube: 0,3,5,7,9,10,11,12,14,16,18,20,22,24,25,26,27,28,30,33,35,37,38,39,42,46,48,49,57,61,63,69,73,76,78,
subdim=35     superpoly: 0+x65

subcube: 0,1,3,5,7,9,10,11,12,14,15,18,20,22,24,25,26,27,28,30,33,35,37,39,40,44,46,48,49,57,61,63,69,73,76,78,
subdim=36     superpoly: 0+x58

subcube: 0,1,3,5,7,9,11,12,14,15,16,18,20,22,24,25,26,27,28,30,33,35,38,39,40,44,46,48,49,57,61,63,69,73,76,78,
subdim=36     superpoly: 0+x63

subcube: 1,3,5,7,9,11,12,16,18,20,22,24,25,26,27,28,30,33,35,37,38,39,40,44,46,48,49,57,61,63,69,73,76,78,
subdim=34     superpoly: 0+x65

subcube: 0,3,5,7,9,10,11,14,16,18,20,22,24,25,26,27,28,30,33,35,37,39,42,44,46,48,49,57,61,63,69,73,76,78,
subdim=34     superpoly: 0+x65

subcube: 0,1,3,5,7,9,11,12,14,15,16,18,20,22,24,25,27,28,30,33,35,37,38,39,42,44,46,48,49,57,61,63,69,73,76,78,
subdim=36     superpoly: 0+x63

subcube: 0,1,3,5,7,9,10,11,12,14,15,18,20,22,24,27,28,30,33,35,37,40,42,44,46,48,49,57,61,63,69,73,76,78,
subdim=34     superpoly: 0+x55

subcube: 0,1,3,5,7,9,11,14,16,18,20,22,24,26,27,30,33,35,37,38,40,42,44,46,48,49,57,61,63,69,73,76,78,
subdim=33     superpoly: 0+x55

subcube: 0,1,3,5,7,9,11,12,14,15,16,18,20,22,24,25,27,28,30,33,35,37,38,40,42,44,46,48,49,57,61,63,69,73,76,78,
subdim=36     superpoly: 0+x63

subcube: 0,1,3,5,7,9,11,14,15,18,20,22,24,26,27,28,30,33,35,37,38,40,42,44,46,48,49,57,61,63,69,73,76,78,
subdim=34     superpoly: 0+x55

subcube: 0,1,3,5,7,9,11,16,18,20,22,24,26,27,28,30,33,35,37,38,40,42,44,46,48,49,57,61,63,69,73,76,78,
subdim=33     superpoly: 0+x55

subcube: 0,1,3,5,9,10,11,12,14,16,18,20,22,24,26,27,28,30,33,35,37,38,40,42,44,46,48,49,57,61,63,69,73,76,78,
subdim=35     superpoly: 0+x55

subcube: 0,3,5,7,9,11,14,15,18,20,22,24,25,26,27,30,33,35,37,39,40,42,44,46,48,49,57,61,63,69,73,76,78,
subdim=33     superpoly: 0+x41

subcube: 1,3,5,7,9,10,12,14,16,18,20,22,24,25,27,28,30,33,35,37,39,40,42,44,46,48,49,57,61,63,69,73,76,78,
subdim=34     superpoly: 0+x44

subcube: 0,1,3,5,7,9,10,12,14,15,18,20,22,24,25,26,27,28,30,33,35,37,39,40,42,44,46,48,49,57,61,63,69,73,76,78,
subdim=36     superpoly: 0+x58

subcube: 0,1,3,5,7,9,11,12,14,15,16,18,20,22,24,25,26,28,30,33,35,38,39,40,42,44,46,48,49,57,61,63,69,73,76,78,
subdim=36     superpoly: 0+x63

subcube: 0,1,3,5,7,9,10,11,12,14,15,16,18,20,22,24,25,26,27,28,30,33,35,38,39,40,42,44,46,48,49,57,61,63,69,73,76,78,
subdim=38     superpoly: 0+x63

subcube: 1,3,5,7,9,10,11,12,14,15,18,20,22,24,25,26,27,28,33,35,37,38,39,40,42,44,46,48,49,57,61,63,69,73,76,78,
subdim=36     superpoly: 0+x55

subcube: 1,3,5,7,10,12,14,16,18,20,22,24,26,27,28,30,33,35,37,38,39,40,42,44,46,48,49,57,61,63,69,73,76,78,
subdim=34     superpoly: 0+x55

subcube: 0,3,5,7,9,11,12,14,16,18,20,24,25,26,27,28,30,33,35,37,38,39,40,42,44,46,48,49,57,61,63,69,73,76,78,
subdim=35     superpoly: 0+x65

subcube: 1,3,5,7,9,11,12,14,16,18,20,24,25,26,27,28,30,33,35,37,38,39,40,42,44,46,48,49,57,61,63,69,73,76,78,
subdim=35     superpoly: 0+x65

subcube: 1,3,5,7,9,10,11,12,14,16,18,20,24,25,26,27,28,30,33,35,37,38,39,40,42,44,46,48,49,57,61,63,69,73,76,78,
subdim=36     superpoly: 0+x44+x65

subcube: 0,3,5,7,9,11,12,14,18,20,22,24,25,26,27,28,30,33,35,37,38,39,40,42,44,46,48,49,57,61,63,69,73,76,78,
subdim=35     superpoly: 0+x65

subcube: 1,3,5,7,9,11,12,14,18,20,22,24,25,26,27,28,30,33,35,37,38,39,40,42,44,46,48,49,57,61,63,69,73,76,78,
subdim=35     superpoly: 0+x65

